Wavelength[nm] Transmission
      470.000  1.00000e-07
      469.800  1.00000e-07
      469.600  1.00000e-07
      469.400  1.00000e-07
      469.200  1.25000e-07
      469.000  1.25000e-07
      468.800  1.25000e-07
      468.600  2.00000e-07
      468.400  2.25000e-07
      468.200  2.25000e-07
      468.000  3.00000e-07
      467.800  3.00000e-07
      467.600  2.75000e-07
      467.400  2.75000e-07
      467.200  2.75000e-07
      467.000  2.75000e-07
      466.800  1.75000e-07
      466.600  1.75000e-07
      466.400  1.75000e-07
      466.200  1.00000e-07
      466.000  1.00000e-07
      465.800  1.00000e-07
      465.600  1.00000e-07
      465.400  2.00000e-07
      465.200  2.00000e-07
      465.000  2.25000e-07
      464.800  2.00000e-07
      464.600  2.00000e-07
      464.400  1.25000e-07
      464.200  1.00000e-07
      464.000  1.00000e-07
      463.800  1.00000e-07
      463.600  1.00000e-07
      463.400  1.75000e-07
      463.200  1.75000e-07
      463.000  1.75000e-07
      462.800  1.75000e-07
      462.600  1.75000e-07
      462.400  1.00000e-07
      462.200  1.00000e-07
      462.000  1.00000e-07
      461.800  7.50000e-08
      461.600  7.50000e-08
      461.400  7.50000e-08
      461.200  7.50000e-08
      461.000      0.00000
      460.800      0.00000
      460.600      0.00000
      460.400      0.00000
      460.200      0.00000
      460.000      0.00000
      459.800      0.00000
      459.600      0.00000
      459.400      0.00000
      459.200      0.00000
      459.000      0.00000
      458.800  2.50000e-08
      458.600  2.50000e-08
      458.400  2.50000e-08
      458.200  1.00000e-07
      458.000  1.00000e-07
      457.800  1.00000e-07
      457.600  1.00000e-07
      457.400  1.00000e-07
      457.200  1.00000e-07
      457.000  1.00000e-07
      456.800  1.00000e-07
      456.600  1.00000e-07
      456.400  1.00000e-07
      456.200  1.00000e-07
      456.000  1.00000e-07
      455.800  1.00000e-07
      455.600  1.00000e-07
      455.400  1.00000e-07
      455.200  1.25000e-07
      455.000  1.25000e-07
      454.800  2.00000e-07
      454.600  2.00000e-07
      454.400  2.00000e-07
      454.200  2.25000e-07
      454.000  2.25000e-07
      453.800  2.25000e-07
      453.600  3.00000e-07
      453.400  3.00000e-07
      453.200  3.25000e-07
      453.000  3.25000e-07
      452.800  4.00000e-07
      452.600  4.00000e-07
      452.400  4.00000e-07
      452.200  4.00000e-07
      452.000  4.75000e-07
      451.800  4.75000e-07
      451.600  4.75000e-07
      451.400  5.00000e-07
      451.200  5.75000e-07
      451.000  5.50000e-07
      450.800  4.75000e-07
      450.600  4.75000e-07
      450.400  4.75000e-07
      450.200  4.50000e-07
      450.000  3.75000e-07
      449.800  3.75000e-07
      449.600  3.75000e-07
      449.400  3.75000e-07
      449.200  3.75000e-07
      449.000  3.75000e-07
      448.800  2.75000e-07
      448.600  2.75000e-07
      448.400  2.75000e-07
      448.200  2.75000e-07
      448.000  2.75000e-07
      447.800  2.75000e-07
      447.600  3.00000e-07
      447.400  3.00000e-07
      447.200  3.00000e-07
      447.000  3.00000e-07
      446.800  3.00000e-07
      446.600  3.25000e-07
      446.400  3.25000e-07
      446.200  3.25000e-07
      446.000  4.25000e-07
      445.800  4.25000e-07
      445.600  4.50000e-07
      445.400  5.50000e-07
      445.200  6.50000e-07
      445.000  6.75000e-07
      444.800  7.75000e-07
      444.600  8.75000e-07
      444.400  9.75000e-07
      444.200  1.07500e-06
      444.000  1.22500e-06
      443.800  1.32500e-06
      443.600  1.42500e-06
      443.400  1.50000e-06
      443.200  1.60000e-06
      443.000  1.70000e-06
      442.800  1.77500e-06
      442.600  1.87500e-06
      442.400  1.90000e-06
      442.200  2.00000e-06
      442.000  2.07500e-06
      441.800  2.20000e-06
      441.600  2.30000e-06
      441.400  2.40000e-06
      441.200  2.50000e-06
      441.000  2.62500e-06
      440.800  2.80000e-06
      440.600  2.90000e-06
      440.400  3.10000e-06
      440.200  3.20000e-06
      440.000  3.37500e-06
      439.800  3.55000e-06
      439.600  3.65000e-06
      439.400  3.82500e-06
      439.200  3.92500e-06
      439.000  4.10000e-06
      438.800  4.20000e-06
      438.600  4.30000e-06
      438.400  4.40000e-06
      438.200  4.60000e-06
      438.000  4.70000e-06
      437.800  4.90000e-06
      437.600  5.02500e-06
      437.400  5.25000e-06
      437.200  5.45000e-06
      437.000  5.67500e-06
      436.800  6.00000e-06
      436.600  6.32500e-06
      436.400  6.75000e-06
      436.200  7.20000e-06
      436.000  7.75000e-06
      435.800  8.32500e-06
      435.600  9.10000e-06
      435.400  9.90000e-06
      435.200  1.09250e-05
      435.000  1.21500e-05
      434.800  1.35250e-05
      434.600  1.52000e-05
      434.400  1.71750e-05
      434.200  1.95000e-05
      434.000  2.22250e-05
      433.800  2.53500e-05
      433.600  2.89500e-05
      433.400  3.31250e-05
      433.200  3.77750e-05
      433.000  4.30500e-05
      432.800  4.87750e-05
      432.600  5.50750e-05
      432.400  6.19500e-05
      432.200  6.94000e-05
      432.000  7.74250e-05
      431.800  8.61250e-05
      431.600  9.56250e-05
      431.400  0.000106000
      431.200  0.000117675
      431.000  0.000130850
      430.800  0.000145900
      430.600  0.000163300
      430.400  0.000183600
      430.200  0.000207375
      430.000  0.000235325
      429.800  0.000268700
      429.600  0.000308200
      429.400  0.000355150
      429.200  0.000410925
      429.000  0.000477300
      428.800  0.000556575
      428.600  0.000651200
      428.400  0.000764800
      428.200  0.000901475
      428.000   0.00106675
      427.800   0.00126783
      427.600   0.00151390
      427.400   0.00181710
      427.200   0.00219325
      427.000   0.00266340
      426.800   0.00325532
      426.600   0.00400610
      426.400   0.00496573
      426.200   0.00620142
      426.000   0.00780560
      425.800   0.00990495
      425.600    0.0126741
      425.400    0.0163588
      425.200    0.0213020
      425.000    0.0279911
      424.800    0.0371082
      424.600    0.0496100
      424.400    0.0668142
      424.200    0.0904540
      424.000     0.122696
      423.800     0.165947
      423.600     0.222389
      423.400     0.293248
      423.200     0.377791
      423.000     0.472650
      422.800     0.571842
      422.600     0.667896
      422.400     0.753637
      422.200     0.823833
      422.000     0.876347
      421.800     0.912111
      421.600     0.934203
      421.400     0.946550
      421.200     0.952752
      421.000     0.955522
      420.800     0.956588
      420.600     0.956950
      420.400     0.957078
      420.200     0.957150
      420.000     0.957202
      419.800     0.957243
      419.600     0.957252
      419.400     0.957240
      419.200     0.957232
      419.000     0.957247
      418.800     0.957309
      418.600     0.957399
      418.400     0.957498
      418.200     0.957575
      418.000     0.957576
      417.800     0.957338
      417.600     0.956619
      417.400     0.954816
      417.200     0.950779
      417.000     0.942557
      416.800     0.927306
      416.600     0.901273
      416.400     0.860566
      416.200     0.802287
      416.000     0.725899
      415.800     0.634262
      415.600     0.533595
      415.400     0.431947
      415.200     0.337272
      415.000     0.255375
      414.800     0.188992
      414.600     0.137895
      414.400    0.0999776
      414.200    0.0724960
      414.000    0.0528008
      413.800    0.0387323
      413.600    0.0286607
      413.400    0.0214056
      413.200    0.0161397
      413.000    0.0122827
      412.800   0.00943208
      412.600   0.00730620
      412.400   0.00570623
      412.200   0.00449208
      412.000   0.00356283
      411.800   0.00284620
      411.600   0.00228948
      411.400   0.00185363
      411.200   0.00151020
      411.000   0.00123763
      410.800   0.00101995
      410.600  0.000844975
      410.400  0.000703475
      410.200  0.000588475
      410.000  0.000494500
      409.800  0.000416175
      409.600  0.000351800
      409.400  0.000298625
      409.200  0.000254550
      409.000  0.000217850
      408.800  0.000187225
      408.600  0.000161625
      408.400  0.000140050
      408.200  0.000121850
      408.000  0.000106475
      407.800  9.33000e-05
      407.600  8.21250e-05
      407.400  7.24250e-05
      407.200  6.40000e-05
      407.000  5.66750e-05
      406.800  5.03000e-05
      406.600  4.45750e-05
      406.400  3.95500e-05
      406.200  3.50750e-05
      406.000  3.12000e-05
      405.800  2.77000e-05
      405.600  2.46250e-05
      405.400  2.19500e-05
      405.200  1.96500e-05
      405.000  1.77250e-05
      404.800  1.60250e-05
      404.600  1.46750e-05
      404.400  1.35250e-05
      404.200  1.25750e-05
      404.000  1.18750e-05
      403.800  1.12750e-05
      403.600  1.07750e-05
      403.400  1.05250e-05
      403.200  1.02500e-05
      403.000  1.00500e-05
      402.800  9.90000e-06
      402.600  9.62500e-06
      402.400  9.42500e-06
      402.200  9.10000e-06
      402.000  8.70000e-06
      401.800  8.20000e-06
      401.600  7.55000e-06
      401.400  6.92500e-06
      401.200  6.32500e-06
      401.000  5.67500e-06
      400.800  5.10000e-06
      400.600  4.55000e-06
      400.400  4.10000e-06
      400.200  3.65000e-06
      400.000  3.27500e-06
      399.800  3.00000e-06
      399.600  2.80000e-06
      399.400  2.55000e-06
      399.200  2.35000e-06
      399.000  2.22500e-06
      398.800  2.05000e-06
      398.600  1.92500e-06
      398.400  1.75000e-06
      398.200  1.65000e-06
      398.000  1.55000e-06
      397.800  1.45000e-06
      397.600  1.35000e-06
      397.400  1.25000e-06
      397.200  1.15000e-06
      397.000  1.07500e-06
      396.800  9.75000e-07
      396.600  9.00000e-07
      396.400  8.75000e-07
      396.200  8.00000e-07
      396.000  8.00000e-07
      395.800  8.00000e-07
      395.600  8.00000e-07
      395.400  7.25000e-07
      395.200  7.50000e-07
      395.000  8.25000e-07
      394.800  8.50000e-07
      394.600  8.75000e-07
      394.400  9.00000e-07
      394.200  1.02500e-06
      394.000  1.15000e-06
      393.800  1.27500e-06
      393.600  1.37500e-06
      393.400  1.50000e-06
      393.200  1.65000e-06
      393.000  1.77500e-06
      392.800  1.82500e-06
      392.600  1.85000e-06
      392.400  1.80000e-06
      392.200  1.67500e-06
      392.000  1.52500e-06
      391.800  1.25000e-06
      391.600  1.07500e-06
      391.400  9.00000e-07
      391.200  7.25000e-07
      391.000  6.25000e-07
      390.800  4.75000e-07
      390.600  4.75000e-07
      390.400  3.75000e-07
      390.200  3.75000e-07
      390.000  3.00000e-07
      389.800  3.00000e-07
      389.600  3.00000e-07
      389.400  3.00000e-07
      389.200  2.25000e-07
      389.000  2.00000e-07
      388.800  2.00000e-07
      388.600  2.00000e-07
      388.400  2.25000e-07
      388.200  2.25000e-07
      388.000  2.25000e-07
      387.800  2.25000e-07
      387.600  2.25000e-07
      387.400  2.00000e-07
      387.200  2.00000e-07
      387.000  2.00000e-07
      386.800  2.00000e-07
      386.600  2.00000e-07
      386.400  2.00000e-07
      386.200  2.00000e-07
      386.000  2.00000e-07
      385.800  2.00000e-07
      385.600  2.00000e-07
      385.400  1.75000e-07
      385.200  1.75000e-07
      385.000  1.00000e-07
      384.800  7.50000e-08
      384.600  1.00000e-07
      384.400  2.50000e-08
      384.200  2.50000e-08
      384.000  2.50000e-08
      383.800      0.00000
      383.600      0.00000
      383.400      0.00000
      383.200      0.00000
      383.000      0.00000
      382.800      0.00000
      382.600      0.00000
      382.400      0.00000
      382.200      0.00000
      382.000      0.00000
      381.800      0.00000
      381.600      0.00000
      381.400      0.00000
      381.200      0.00000
      381.000      0.00000
      380.800      0.00000
      380.600      0.00000
      380.400      0.00000
      380.200      0.00000
      380.000      0.00000
      379.800      0.00000
      379.600      0.00000
      379.400      0.00000
      379.200      0.00000
      379.000      0.00000
      378.800      0.00000
      378.600      0.00000
      378.400      0.00000
      378.200      0.00000
      378.000      0.00000
      377.800      0.00000
      377.600      0.00000
      377.400      0.00000
      377.200      0.00000
      377.000      0.00000
      376.800      0.00000
      376.600      0.00000
      376.400      0.00000
      376.200      0.00000
      376.000      0.00000
      375.800      0.00000
      375.600      0.00000
      375.400      0.00000
      375.200      0.00000
      375.000      0.00000
      374.800      0.00000
      374.600      0.00000
      374.400      0.00000
      374.200      0.00000
      374.000      0.00000
      373.800      0.00000
      373.600      0.00000
      373.400      0.00000
      373.200      0.00000
      373.000      0.00000
      372.800      0.00000
      372.600      0.00000
      372.400      0.00000
      372.200      0.00000
      372.000      0.00000
      371.800      0.00000
      371.600      0.00000
      371.400      0.00000
      371.200      0.00000
      371.000      0.00000
      370.800      0.00000
      370.600      0.00000
      370.400      0.00000
      370.200      0.00000
      370.000      0.00000
